0         0               0             0               0         0   0       0     1             000         00 0 00 0 0 01 0   0 0 
     1                                                                                             0                                 0 0
0         It's happening again   0   0              0            0                    0                         0                          
000                                    0             0             /                               00  00 000   000 00 001000   0  
   0 00                                               000000     00    00  0    0       0           0           
          0
                   0     0         0

                                                             111111111111111  111111
11111111 1111 1 1 1 1 1 111111111111 11 1 11              11111100111111 11 1 1 1111 1 1                    11111////// 1//1 /1/1
  1 111 1 1111 1111111111 1 1 1 11111 1 1111      11   11 1    1 1 1 1 1 1  1 1 111111 1 1 11 1 1 11  1        1   11     1   
    11111111111111111111 111 11 1111 11 11 111           1111111/////// /1 / /1/ 1/ 1/ 1/ 1/ 11/01/111   111          1//1  111
     11 1111 1 1 1 1 1 1 1 1 1 1 11         111             1111111111111111///////////////               11 11
  11111            1111111111  111111111                                                                     11  111///
                                                            111111/1//1/1/1/1/1/1//1111                  1                 1111 11111111
       ////////////////////////////////////////
       ////////////////////////////////////////////////////
          ////////////////////////////////////////////11111///
  111111111///////////////////11111111111///////////////
  
  
  
  
        _0_______________0_
      -                     _
    -                         _
  0_____________________________0
                  |   
                  |
                  |
                  |
                  |
                  |
                  J
